1.003443606666076127e+00
1.904577166829572565e+00
-2.220220134732317149e-02
7.700280034987345701e-01
9.959602121537817210e-01
9.089665739105294850e-01
-1.308906014856301647e+00
8.377428988645181374e-01
-2.814576213506532129e-02
3.788621372936243348e-01
8.647503542730367032e-01
1.953830655221086454e+00
-2.189062649343832823e-01
3.964290279225365921e-01
1.124350716054745014e+00
6.063068130013390400e-01
4.704285644205566941e-01
4.164391353142471996e-01
-5.451044596481754434e-01
4.889473493669074800e-01
-1.215308809026860865e-01
6.593316447798769353e-01
-1.376448847726490676e+00
1.016245413074025605e-01
-4.850786876608063902e-02
2.935364698191702537e-01
1.466953364738540655e+00
-6.465696121861950162e-03
5.285461916601942312e-01
2.095075663048328263e+00
-3.442443679461202888e-01
