8.779120395019495149e-01
-2.825431083481323435e-01
9.322644090322267374e-01
7.114133133167952483e-01
7.117789431984483661e-01
-1.240548488780862518e-01
4.256090641815704623e-01
6.690508441027520625e-01
3.703731921700721963e-01
3.870385127836056260e-01
8.479746211122287658e-01
1.168470143985099075e+00
-1.913283607387037955e-01
8.544873960892894749e-01
1.006510726635018171e+00
1.970644861278671167e-01
1.747419471899880616e-01
4.334624506967055813e-01
7.281790613922951572e-01
9.386049124935397225e-01
6.183789720314714078e-01
2.217660557153010997e-02
5.843388308142926091e-01
6.776784072378043700e-01
6.027311486018415154e-01
1.502245089398763500e-01
7.931396335752666227e-01
4.753402401791091969e-01
8.112629992536476431e-01
8.223389369381305380e-01
8.919180921915195182e-01
6.436959369444429369e-01
7.806879815413841905e-01
5.734042858629487815e-01
2.547785268260981950e-01
-2.994631452894162132e-02
-3.277960806604673927e-01
9.307290012300240001e-01
-1.247610664852791679e-01
7.551089242181064920e-01
1.122984253779380770e-01
2.171371783820342127e+00
-1.867192825867736161e-01
4.373149490735379064e-01
8.915551229083015783e-02
1.135241999177392547e+00
1.579085706895642094e-01
5.255825330932981654e-01
2.128385580153658307e-01
3.476210871631352228e-02
-8.521766959974270972e-02
-4.553446576787604227e-01
9.507432216216780141e-01
-1.611369483652448642e-01
1.042769816526495225e-01
9.653192202819635970e-01
1.130700243839805497e+00
2.035502869757906674e-01
6.720720894461501560e-01
-2.260016536757705197e-01
-6.271903315191541817e-02
