5.735856406222391568e-01
1.675379585039057373e-01
5.163910022666604593e-01
5.049798885070024834e-01
3.612492192749984232e-01
-7.294891321024561393e-01
-2.434543595668806848e+00
6.771456680483403101e-01
-1.519015570342441945e+00
3.604676760303561767e-01
4.466052559214874762e-01
7.837623607273627169e-01
-7.309062566780846204e-01
6.249426077008081171e-01
5.320916413032217296e-01
4.463106832680956426e-01
2.876039656542052070e-01
2.107224696530178021e-01
7.282742571382677665e-01
5.321102909050682284e-01
1.628859094083912329e-01
-7.978769026195352276e-02
2.522642699148741618e-01
4.497236196502967798e-01
2.744623395981164449e-01
1.317544170193707953e-01
5.414527191948188545e-01
-7.223724756405923431e-02
8.318099754764208820e-01
1.649338020103642832e-01
1.133056486552116660e+00
1.468275013811979335e+00
7.540059085567140107e-01
1.058485084902324180e+00
7.727794643735055313e-01
3.964226603137113031e-02
3.105132130280637837e-01
-3.924898348585752483e-01
6.973566664279153837e-01
9.479514265873044687e-01
2.322375704306112454e-01
1.196383651005690663e+00
2.578150299710219029e-01
8.554791687779468301e-01
6.599494366542231483e-02
1.274825962322693629e+00
4.723152562347335270e-01
8.779006742754099646e-01
4.071270987311952777e-02
1.764539881048267089e-01
5.403724128436147023e-01
2.184468245501917649e-01
6.999710351783937634e-01
-1.133355813983197985e-01
2.823235089542676102e-01
6.201943673543514057e-01
1.518924786744949573e+00
-1.722774681545164721e-01
1.385968295600171318e+00
8.275780096959172161e-01
8.564611955867579285e-01
1.038914337519368125e+00
3.333846693285077989e-01
8.368979732968884200e-01
-1.842355431900458140e-01
3.402345596455004784e-01
-5.205562842851467753e-01
1.016648291668698523e+00
-1.073699375300953274e-01
8.805149689226301479e-01
-5.716939555686889607e-01
1.088176561906757822e+00
-5.849557423142518475e-01
8.503838857218835035e-01
9.690123053371818562e-01
1.993805488372678014e-01
